$ANSIBLE_VAULT;1.1;AES256
38313936373334616532633336376537656131326662636633383332313237333032656331373863
6363363339363932383266333733336464636563666433340a643166336531646436393037666461
37646530643032373463643338653363393531386132363937323361326638356161316539343465
3333303634353433310a363033353733636233363064623565383563313233306639386563643065
34616636353832623364343233353231303738353866306262373038353061373633623962363438
36386437336264316435396231643239646161386431383466396661343765323935353765366138
63643839636136333930656563653563313762653433636232633138666136396334653932356136
63643963306438636663386332623139353638313139376339663438613236633464346337633465
30663930303234326430336233303135343062363034383035343138663432396131306264616532
64373434346163643031613261363330373861616331646530366463343134333062616363303462
33663536396630313262326130346364326632373263333863636362323834353334333539383864
35323563373463373765666564653738613134326434666163356435376231393661363636393730
65663333333665316331346465623735363439343062393164336437363338653466323533623161
38313865636433313735323863323836356533313962623134373533336432636333356434646434
35356162306531633436316563636436353731356230633763326237373432353938623134353330
39343665643661623738333638666439396439396564353561363634376636613265323565653533
30363861666636333437353534353662366361383939623161326538366531653138643633636461
39663963386337353766613737623133666537386534643930303161663864373030353665343066
36656166303232633866383132343539656232643364386664646462343631633266373736366566
63356237633038373531636334356663333264323664393231653863383838343131623030326138
32633566623264313262623665633861663232376362303239346331393133353230356135363331
65303363633062356138653664333330343730393830373037663836626630363330663131396536
66636366623331396462313264666136313535353266303631636265326362303865393531303835
61323332323632623930633266323431373734333564343566356162346539663366616635316366
64616330653462356238306438646131353865396131313933326333373932363863
